auprc = 0.9962531554810874
auroc = 0.982636831114376
eval_loss = 0.12772107981120415
fn = 60
fp = 58
mcc = 0.8549751715037348
tn = 427
tp = 2438
