auprc = 0.9972343253943123
auroc = 0.9877728064483077
eval_loss = 0.10067360714076701
fn = 53
fp = 30
mcc = 0.8915139379134835
tn = 407
tp = 2493
