LRAP = 0.9959772041568891
eval_loss = 0.1088450567899197
